575601361
993885179
999484265
999484311
999484354
999484427
994487231
36185207X
1002333687
997469250
13021400
100252394X
361068913
579199886
1000208478
994257554
361515898
573893535
997717424
1272341178
999255444
999255487
999255576
999255606
994318189
997309105
997637498
1000013936
1002235383
99727767X
994054084
1001682939
997455527
579426300
1003197787
995956847
996992162
994526768
994526784
994526911
994526962
1000399656
998107948
993992374
996004637
995178003
999667688
997140054
994518188
57942443X
993921027
1001171659
998402826
993921299
999010131
362931917
